4
linear   essential      -0.250000   0.750000
linear   non-essential   0.000000   1.000000
linear   essential       0.000000   1.000000
linear   essential       0.000000   1.000000

余 1
significant   elliptical     1
	  0.292969  0.368750  0.160156  0.144531
	  0.000400  0.000400  0.000400  0.000400

辰 1
significant   elliptical     1
	  0.328125  0.430078  0.179688  0.148438
	  0.000400  0.000400  0.000400  0.000400

子 1
significant   elliptical     1
	  0.375000  0.290625  0.164062  0.136719
	  0.000400  0.000400  0.000400  0.000400

轩 1
significant   elliptical     1
	  0.324219  0.323047  0.160156  0.171875
	  0.000400  0.000400  0.000400  0.000400

辕 1
significant   elliptical     1
	  0.242188  0.341406  0.175781  0.167969
	  0.000400  0.000400  0.000400  0.000400

禁 1
significant   elliptical     1
	  0.394531  0.246875  0.113281  0.144531
	  0.000400  0.000400  0.000400  0.000400

卫 1
significant   elliptical     1
	  0.203125  0.280859  0.164062  0.121094
	  0.000400  0.000400  0.000400  0.000400
